02.01.2016,2,12,21,35,36,39
05.01.2016,2,18,19,42,47,48
07.01.2016,17,24,26,27,33,42
09.01.2016,1,2,5,7,21,27
12.01.2016,4,7,10,19,42,45
14.01.2016,3,4,8,26,33,38
16.01.2016,2,4,18,35,40,41
19.01.2016,2,16,19,22,30,39
21.01.2016,2,6,27,28,35,46
23.01.2016,6,16,24,34,36,39
26.01.2016,9,13,22,32,45,48
28.01.2016,8,13,15,22,32,42
30.01.2016,16,21,25,44,45,47
02.02.2016,7,18,23,33,35,36
04.02.2016,4,7,16,22,42,46
06.02.2016,5,8,11,23,44,48
09.02.2016,24,25,29,35,45,47
11.02.2016,6,9,10,16,34,44
13.02.2016,9,21,23,32,38,47
16.02.2016,5,9,19,20,22,44
18.02.2016,5,9,13,25,30,47
20.02.2016,3,20,40,41,42,43
23.02.2016,1,4,24,26,27,30
25.02.2016,2,5,30,33,36,48
27.02.2016,4,6,20,24,37,38
01.03.2016,3,7,30,31,44,48
03.03.2016,3,13,16,18,22,31
05.03.2016,32,38,39,43,45,48
08.03.2016,5,12,15,38,41,48
10.03.2016,3,14,23,35,40,49
12.03.2016,2,4,7,17,41,48
15.03.2016,2,9,17,20,25,32
17.03.2016,3,7,8,10,31,46
19.03.2016,2,11,18,26,36,41
22.03.2016,5,7,20,21,27,41
24.03.2016,13,14,15,23,35,44
26.03.2016,7,11,19,25,33,41
29.03.2016,7,8,9,43,46,47
31.03.2016,8,12,19,22,32,49
02.04.2016,7,8,10,28,37,47
05.04.2016,13,23,24,29,32,38
07.04.2016,21,23,29,33,34,35
09.04.2016,20,25,32,36,43,47
12.04.2016,13,19,32,37,40,41
14.04.2016,8,10,15,40,41,43
16.04.2016,7,9,12,18,26,48
19.04.2016,3,21,27,28,39,40
21.04.2016,5,11,32,34,41,44
23.04.2016,3,21,31,39,41,43
26.04.2016,14,17,20,39,45,48
28.04.2016,7,14,16,19,38,43
30.04.2016,23,26,39,40,44,49
03.05.2016,2,15,31,38,40,48
05.05.2016,1,18,27,37,44,47
07.05.2016,11,14,20,27,30,35
10.05.2016,3,24,28,31,34,36
12.05.2016,4,8,14,19,35,37
14.05.2016,7,8,24,37,44,45
17.05.2016,7,17,18,31,33,37
19.05.2016,4,5,8,17,25,30
21.05.2016,11,12,25,32,34,47
24.05.2016,3,13,23,26,46,47
26.05.2016,8,10,21,34,46,48
28.05.2016,9,14,16,18,28,29
31.05.2016,4,12,16,27,28,30
02.06.2016,9,19,28,29,36,49
04.06.2016,5,19,20,37,39,49
07.06.2016,1,6,40,42,43,44
09.06.2016,11,24,33,35,41,47
11.06.2016,3,4,5,7,34,41
14.06.2016,1,2,13,26,37,44
16.06.2016,13,16,20,24,26,37
18.06.2016,5,9,27,28,30,48
21.06.2016,2,11,15,16,20,45
23.06.2016,3,6,14,27,45,49
25.06.2016,22,29,30,36,42,48
28.06.2016,4,9,10,14,32,48
30.06.2016,6,13,14,17,33,46
02.07.2016,4,16,30,35,40,45
05.07.2016,10,17,27,29,35,45
07.07.2016,2,12,13,30,38,46
09.07.2016,14,16,19,34,37,43
12.07.2016,2,7,9,23,42,47
14.07.2016,11,24,29,38,40,45
16.07.2016,5,28,30,36,40,46
19.07.2016,16,23,29,32,38,41
21.07.2016,4,6,31,41,42,49
23.07.2016,11,16,20,21,37,42
26.07.2016,8,20,22,26,30,40
28.07.2016,1,7,9,22,29,41
30.07.2016,3,5,10,12,35,42
02.08.2016,7,9,14,20,46,48
04.08.2016,2,4,14,18,27,41
06.08.2016,3,8,14,26,31,43
09.08.2016,3,7,20,25,43,48
11.08.2016,7,8,20,25,39,46
13.08.2016,4,6,8,21,23,46
16.08.2016,5,7,19,41,46,49
18.08.2016,10,13,23,28,32,49
20.08.2016,6,11,16,30,32,40
23.08.2016,4,10,18,24,25,48
25.08.2016,7,8,34,35,37,48
27.08.2016,2,5,11,22,24,31
30.08.2016,3,9,19,38,42,44
01.09.2016,8,13,29,32,38,44
03.09.2016,2,20,37,44,47,49
06.09.2016,2,4,6,17,34,49
08.09.2016,6,7,11,18,28,34
10.09.2016,10,25,34,36,42,44
13.09.2016,1,3,14,20,35,43
15.09.2016,2,25,26,31,33,48
17.09.2016,5,10,16,17,44,45
20.09.2016,17,22,25,27,34,37
22.09.2016,12,36,38,41,43,45
24.09.2016,5,6,9,15,28,46
27.09.2016,1,5,21,27,42,44
29.09.2016,6,13,23,36,46,48
01.10.2016,5,30,32,33,37,46
04.10.2016,13,16,20,33,36,38
06.10.2016,7,19,21,22,25,41
08.10.2016,7,16,19,28,37,46
11.10.2016,3,7,10,12,16,43
13.10.2016,18,21,28,38,45,49
15.10.2016,9,17,21,25,29,38
18.10.2016,15,19,24,44,46,47
20.10.2016,1,11,39,41,42,46
22.10.2016,11,12,15,18,25,29
25.10.2016,9,16,21,28,32,34
27.10.2016,2,9,21,24,35,43
29.10.2016,1,28,29,37,44,49
01.11.2016,3,6,26,37,43,45
03.11.2016,7,8,17,22,26,38
05.11.2016,6,7,17,22,25,42
08.11.2016,5,8,24,31,44,45
10.11.2016,7,11,29,46,47,48
12.11.2016,10,11,24,33,35,47
15.11.2016,4,6,10,22,24,38
17.11.2016,10,17,19,34,41,46
19.11.2016,3,5,11,34,48,49
22.11.2016,2,17,20,22,46,48
24.11.2016,1,2,12,17,27,40
26.11.2016,6,13,43,44,46,49
29.11.2016,5,8,15,24,29,41
01.12.2016,16,20,29,36,42,49
03.12.2016,8,22,29,38,41,47
06.12.2016,18,42,45,46,48,49
08.12.2016,6,16,20,24,48,49
10.12.2016,3,13,18,21,23,38
13.12.2016,2,12,16,41,42,46
15.12.2016,4,6,7,24,28,31
17.12.2016,7,33,37,45,47,48
20.12.2016,11,18,25,31,37,49
22.12.2016,20,23,25,36,43,48
24.12.2016,7,8,14,19,25,28
27.12.2016,14,15,25,27,30,49
29.12.2016,6,16,27,28,31,36
31.12.2016,3,6,18,20,37,46
03.01.2017,1,2,7,21,24,35
05.01.2017,5,15,21,24,32,48
07.01.2017,6,10,28,35,41,44
10.01.2017,17,20,28,43,45,49
12.01.2017,5,25,27,45,47,49
14.01.2017,6,26,28,30,40,48
17.01.2017,5,7,8,11,13,34
19.01.2017,11,12,28,33,37,48
21.01.2017,4,10,27,40,42,47
24.01.2017,17,31,36,37,42,46
26.01.2017,6,12,39,41,42,47
28.01.2017,8,11,20,26,37,48
31.01.2017,6,25,26,38,43,48
02.02.2017,21,28,34,35,38,46
04.02.2017,2,11,20,33,37,46
07.02.2017,11,29,31,34,43,46
09.02.2017,9,16,20,22,26,49
11.02.2017,5,12,14,25,44,47
14.02.2017,7,22,34,36,38,46
16.02.2017,5,8,19,40,48,49
18.02.2017,10,13,15,27,28,31
21.02.2017,4,8,13,20,41,47
23.02.2017,7,8,14,18,25,30
25.02.2017,2,14,28,40,45,47
28.02.2017,1,6,23,33,40,45
02.03.2017,5,16,24,25,26,47
04.03.2017,13,15,22,28,34,44
07.03.2017,4,13,16,22,29,44
09.03.2017,1,16,28,29,34,43
11.03.2017,22,25,33,44,45,49
14.03.2017,5,12,34,41,47,49
16.03.2017,9,10,25,35,44,45
18.03.2017,16,18,20,23,25,37
21.03.2017,8,21,23,39,41,43
23.03.2017,14,21,32,38,42,44
25.03.2017,3,7,23,36,38,47
28.03.2017,2,16,26,28,38,42
30.03.2017,6,18,23,25,30,34
01.04.2017,17,21,30,40,41,44
04.04.2017,6,8,14,36,46,49
06.04.2017,12,16,21,32,42,45
08.04.2017,2,6,9,13,31,32
11.04.2017,6,9,13,37,41,43
13.04.2017,2,14,24,42,45,47
15.04.2017,1,5,17,36,37,42
18.04.2017,13,16,17,29,42,45
20.04.2017,4,8,15,17,27,42
22.04.2017,22,33,37,38,42,45
25.04.2017,7,15,18,20,27,34
27.04.2017,6,15,27,31,44,48
29.04.2017,3,6,7,11,41,46
02.05.2017,7,14,15,16,19,25
04.05.2017,7,14,25,38,44,49
06.05.2017,3,7,9,14,43,49
09.05.2017,3,17,28,32,34,48
11.05.2017,3,22,23,28,38,43
13.05.2017,6,11,23,37,44,46
16.05.2017,6,25,27,29,32,36
18.05.2017,4,17,24,34,40,47
20.05.2017,10,11,12,19,24,34
23.05.2017,4,11,13,19,26,27
25.05.2017,2,4,11,24,26,43
27.05.2017,1,6,26,27,32,36
30.05.2017,8,9,17,32,34,36
01.06.2017,2,4,5,25,32,49
03.06.2017,1,7,14,15,27,47
06.06.2017,12,16,21,23,24,37
08.06.2017,22,26,37,39,45,48
10.06.2017,6,8,17,35,36,41
13.06.2017,9,24,27,30,40,48
15.06.2017,4,10,21,36,40,46
17.06.2017,5,7,10,11,23,34
20.06.2017,3,19,20,24,41,49
22.06.2017,11,13,14,15,16,36
24.06.2017,1,4,25,31,32,41
27.06.2017,1,2,5,11,38,39
29.06.2017,12,23,31,46,48,49
01.07.2017,12,22,28,30,40,47
04.07.2017,28,32,33,38,45,49
06.07.2017,1,11,14,30,34,36
08.07.2017,14,30,34,38,43,46
11.07.2017,1,3,17,23,34,48
13.07.2017,2,8,9,32,36,44
15.07.2017,3,10,11,18,39,46
18.07.2017,10,13,18,25,32,44
20.07.2017,6,14,28,31,34,44
22.07.2017,4,6,9,27,30,35
25.07.2017,11,22,30,32,35,39
27.07.2017,15,28,36,38,39,46
29.07.2017,4,10,24,29,32,40
01.08.2017,12,15,19,23,27,33
03.08.2017,15,31,34,38,41,44
05.08.2017,10,20,23,35,47,49
08.08.2017,1,28,30,34,37,38
10.08.2017,13,24,34,36,39,47
12.08.2017,8,25,30,36,37,47
15.08.2017,3,10,23,34,35,44
17.08.2017,7,10,13,19,36,38
19.08.2017,4,15,27,35,36,46
22.08.2017,11,15,28,31,36,48
24.08.2017,9,29,34,35,43,45
26.08.2017,9,10,23,37,41,47
29.08.2017,4,21,34,37,38,39
31.08.2017,6,9,10,34,41,42
02.09.2017,14,20,26,29,34,41
05.09.2017,6,21,24,38,40,47
07.09.2017,1,2,15,18,38,45
09.09.2017,6,16,33,34,41,42
12.09.2017,5,24,27,34,42,45
14.09.2017,9,27,37,40,42,46
16.09.2017,2,4,23,28,37,38
19.09.2017,3,15,16,31,32,35
21.09.2017,6,21,40,42,47,49
23.09.2017,11,22,23,37,44,46
26.09.2017,4,15,28,29,30,41
28.09.2017,8,10,34,35,37,48
30.09.2017,3,25,34,35,38,39
03.10.2017,1,2,10,12,30,36
05.10.2017,9,10,13,22,38,42
07.10.2017,7,23,26,29,32,44
10.10.2017,4,6,22,38,40,46
12.10.2017,8,9,20,25,34,40
14.10.2017,3,14,28,32,34,46
17.10.2017,11,34,39,41,43,48
19.10.2017,14,22,24,25,34,38
21.10.2017,6,14,26,42,44,46
24.10.2017,5,15,20,21,31,49
26.10.2017,2,10,16,22,28,37
